5.94429 71.47524 84.54286 0.83191 0.79667 0.24476 0.21571 77.36095 52.66048 0.96048 0.09524 0.33809 2.77619 15.19048 2907.61905 1.01748
5.53571 82.23667 84.35571 0.99333 0.85191 0.25476 0.22714 77.23000 47.83095 1.09429 0.09571 0.32381 2.65714 15.90476 3124.76190 1.02714
5.66286 69.75524 84.54952 0.90238 0.83143 0.26286 0.22857 77.34905 49.72095 1.05476 0.09000 0.32857 2.42381 22.66667 2903.95238 1.01950
5.88190 67.26667 84.54571 0.85286 0.81714 0.24905 0.21905 77.40857 49.93714 0.96667 0.09000 0.35714 2.71429 16.57143 2711.66667 1.01750
5.66048 66.10191 84.53333 0.91333 0.82571 0.25381 0.22524 77.16667 49.69476 1.06381 0.09048 0.32857 2.39524 19.76190 3045.33333 1.01988
5.94381 71.83143 84.49000 0.83429 0.79286 0.24476 0.21619 77.23476 53.14048 0.98333 0.09619 0.33809 2.63809 15.76191 2958.76190 1.01828
5.73429 66.84714 84.29762 0.93333 0.83143 0.24333 0.22286 77.05048 50.10429 1.05905 0.09524 0.33809 2.75714 12.66667 1982.66667 1.02141
5.90238 72.31143 84.48952 0.83857 0.79143 0.24905 0.21857 77.20571 52.87667 1.00524 0.09762 0.33809 2.47619 16.95238 3371.76190 1.01852
5.93619 72.41333 84.46905 0.83429 0.79095 0.24619 0.21714 77.22905 53.17905 0.99381 0.09714 0.33809 2.49048 15.33333 3306.71429 1.01851
5.69381 77.29810 84.31905 0.94524 0.83571 0.24524 0.22238 77.18905 50.07000 1.05095 0.09476 0.37619 2.69048 13.04762 1996.61905 1.02284
5.75190 73.46524 84.39143 0.88143 0.80286 0.24762 0.21524 77.05952 49.91095 0.95857 0.10429 0.34762 2.50000 19.00000 1195.66667 1.02695
5.69333 72.20286 84.56429 0.87809 0.83333 0.27000 0.23095 77.45286 49.26810 1.02191 0.09191 0.33809 2.45238 23.76190 2747.38095 1.01939
5.71571 77.36714 84.51714 0.88000 0.81143 0.25143 0.21571 77.28714 53.36571 0.93000 0.10571 0.40000 2.47143 19.57143 899.00000 1.02730
5.72190 71.41143 84.50095 0.87714 0.83143 0.27000 0.23143 77.45429 49.25952 1.02857 0.09333 0.35238 2.36667 21.85714 3048.14286 1.01942
5.63762 62.09000 84.39809 0.94143 0.82571 0.24333 0.22381 76.95619 50.07143 1.09571 0.09143 0.30952 2.44762 15.52381 3011.23810 1.02082
5.78476 70.99667 84.44714 0.86238 0.81571 0.26286 0.22809 77.30857 50.27857 1.03000 0.09476 0.37143 2.40476 22.23810 3187.95238 1.01893
5.72429 71.10619 84.50381 0.87809 0.83048 0.26905 0.23143 77.44714 49.19857 1.03381 0.09333 0.35238 2.30000 22.04762 3086.52381 1.01951
5.67000 71.65238 84.55905 0.88524 0.83429 0.26810 0.23095 77.44286 49.29190 1.03048 0.09095 0.33809 2.44762 23.47619 2911.80952 1.01940
5.72476 70.85000 84.50143 0.87905 0.82952 0.26810 0.23143 77.43571 49.18286 1.03857 0.09333 0.35238 2.33810 22.28571 3168.71429 1.01917
5.88667 70.83048 84.46191 0.83857 0.79190 0.24857 0.21905 77.17667 52.17619 1.00191 0.09762 0.34286 2.45238 17.23810 3433.57143 1.01868
5.81400 72.37933 84.35600 0.87867 0.80200 0.24533 0.21400 77.05400 51.86467 0.95467 0.10533 0.37333 2.36000 18.86667 1075.40000 1.02705
5.92143 72.39619 84.48048 0.83571 0.78905 0.24619 0.21714 77.18429 53.04429 0.99857 0.09714 0.33809 2.44286 16.04762 3255.14286 1.01886
5.72952 65.41143 84.29476 0.93524 0.83095 0.24333 0.22286 77.03905 50.16143 1.06714 0.09476 0.33809 2.72381 12.85714 2022.00000 1.02121
5.90238 72.31143 84.48952 0.83857 0.79143 0.24905 0.21857 77.20571 52.87667 1.00524 0.09762 0.33809 2.47619 16.95238 3371.76190 1.01852
5.54286 81.55905 84.32381 0.99667 0.85333 0.25524 0.22762 77.22952 47.65762 1.10190 0.09619 0.32381 2.69524 16.57143 3089.85714 1.02741
5.65714 68.69905 84.53762 0.90571 0.82952 0.26000 0.22762 77.27143 49.71095 1.05857 0.09000 0.32857 2.41905 22.00000 2761.33333 1.01929
5.67952 72.00286 84.56429 0.88143 0.83381 0.26905 0.23095 77.44571 49.33857 1.02619 0.09143 0.33809 2.45238 24.14286 2781.76190 1.01972
5.70333 75.89667 84.58333 0.88000 0.80333 0.25333 0.21333 77.28333 52.08333 0.95000 0.10333 0.40000 2.26667 25.33333 1945.00000 1.02679
5.85238 71.31429 84.46857 0.84762 0.80476 0.25810 0.22429 77.31905 51.03762 1.01143 0.09619 0.36190 2.33333 20.47619 3532.33333 1.01878
5.75381 75.20714 84.35810 0.89095 0.81190 0.24905 0.21667 76.96667 48.39714 0.96286 0.10476 0.32381 2.51905 18.14286 1466.57143 1.02802
5.89111 66.87667 84.53333 0.85111 0.82556 0.25444 0.22000 77.39222 49.18222 0.97000 0.08667 0.32222 2.41111 15.22222 3023.77778 1.01755
5.93286 71.95476 84.51714 0.83286 0.79333 0.24476 0.21571 77.27762 53.04381 0.97381 0.09571 0.33809 2.73809 16.14286 2804.47619 1.01822
5.93524 71.96143 84.52571 0.83381 0.79286 0.24476 0.21571 77.24667 53.11667 0.97905 0.09571 0.33809 2.71905 16.14286 2945.95238 1.01832
5.63190 63.23857 84.45952 0.93190 0.82286 0.24429 0.22333 77.00238 50.02571 1.08190 0.09143 0.30476 2.42857 17.23810 2919.76190 1.02017
5.53191 83.18000 84.36476 0.98952 0.85048 0.25429 0.22714 77.22809 48.06809 1.08952 0.09524 0.32857 2.63809 15.57143 2988.85714 1.02652
5.66143 64.33048 84.44809 0.91905 0.82190 0.24667 0.22238 77.04476 49.98524 1.06333 0.09143 0.31429 2.34762 18.52381 3161.19048 1.01974
5.63238 62.73810 84.45095 0.93619 0.82381 0.24333 0.22381 76.98619 50.00952 1.08952 0.09143 0.30952 2.45238 16.19048 2902.38095 1.02035
5.53191 83.18000 84.36476 0.98952 0.85048 0.25429 0.22714 77.22809 48.06809 1.08952 0.09524 0.32857 2.63809 15.57143 2988.85714 1.02652
5.88000 70.14000 84.46000 0.86000 0.84000 0.27000 0.23000 77.09000 47.02000 0.99000 0.08000 0.20000 1.90000 21.00000 4243.00000 1.02135
5.80762 71.27762 84.46952 0.85714 0.81190 0.26143 0.22667 77.33524 50.55571 1.02191 0.09524 0.36667 2.41429 21.71429 3217.47619 1.01887
5.71333 62.26905 84.28190 0.94000 0.83048 0.24333 0.22286 77.01762 50.23048 1.08143 0.09333 0.33333 2.70000 12.80952 2220.42857 1.02101
5.67000 64.58476 84.45476 0.91667 0.82190 0.24762 0.22238 77.05905 49.96952 1.06191 0.09143 0.31905 2.36667 19.04762 3192.90476 1.01960
5.59619 78.22429 84.28190 0.99191 0.85857 0.25857 0.22809 77.09667 45.93429 1.09286 0.10000 0.30476 2.73333 17.85714 2999.85714 1.02941
5.70191 74.12905 84.31524 0.93952 0.83381 0.24381 0.22238 77.09952 50.06000 1.04905 0.09476 0.36190 2.86667 12.42857 1858.90476 1.02201
5.66524 65.62143 84.51762 0.91333 0.82429 0.25190 0.22429 77.13381 49.67762 1.06238 0.09095 0.33333 2.37619 19.19048 3143.95238 1.02016
5.79667 75.91444 84.41333 0.87778 0.81222 0.25111 0.21556 77.27222 53.60889 0.93222 0.10667 0.40000 2.48889 18.55556 699.77778 1.02675
5.90273 66.52545 84.53273 0.85182 0.82454 0.25182 0.22000 77.42454 49.17455 0.96545 0.08727 0.34546 2.54546 15.54546 3014.63636 1.01747
5.58762 78.74429 84.25524 0.99857 0.86000 0.25667 0.22857 77.20857 46.51333 1.10429 0.09762 0.30476 2.71429 18.00000 3028.09524 1.02914
5.61333 82.55381 84.38952 0.96143 0.84048 0.25000 0.22429 77.23381 49.27000 1.05381 0.09571 0.35238 2.70000 15.04762 2391.95238 1.02472
5.64809 64.17905 84.45857 0.92190 0.82143 0.24571 0.22238 77.00905 50.03714 1.06524 0.09143 0.30952 2.43810 18.00000 3148.14286 1.01980
5.62952 81.94571 84.40571 0.95667 0.83857 0.24905 0.22333 77.21000 49.49714 1.05048 0.09524 0.35238 2.70000 15.09524 2271.04762 1.02388
5.91524 69.71095 84.54000 0.84095 0.80333 0.24429 0.21667 77.37476 52.10143 0.96667 0.09381 0.33809 2.69524 15.23809 2985.66667 1.01762
5.86200 68.29600 84.54200 0.85600 0.83200 0.25800 0.22200 77.30200 48.10600 0.98000 0.08400 0.30000 2.44000 17.40000 3230.80000 1.01803
5.75476 75.20857 84.33762 0.89476 0.81429 0.24905 0.21714 76.98048 48.00905 0.96905 0.10429 0.32381 2.52381 18.47619 1557.04762 1.02806
5.77191 74.94000 84.30095 0.89809 0.81714 0.24905 0.21762 76.94857 47.49191 0.97667 0.10381 0.31905 2.52857 18.80952 1626.19048 1.02777
5.88857 67.91905 84.54238 0.85095 0.81286 0.24667 0.21810 77.42286 50.76238 0.96667 0.09095 0.33333 2.75238 16.09524 2726.28571 1.01735
5.65714 68.69905 84.53762 0.90571 0.82952 0.26000 0.22762 77.27143 49.71095 1.05857 0.09000 0.32857 2.41905 22.00000 2761.33333 1.01929
5.74476 75.19714 84.39381 0.88905 0.80952 0.24905 0.21667 77.01143 48.89905 0.96238 0.10429 0.32857 2.52381 17.95238 1302.47619 1.02753
5.69952 76.39381 84.32810 0.94333 0.83524 0.24429 0.22238 77.16095 50.10381 1.04952 0.09476 0.37619 2.76191 12.66667 1834.90476 1.02276
5.72286 70.63429 84.30714 0.93333 0.83238 0.24429 0.22238 77.07952 50.09286 1.04809 0.09571 0.35238 2.76191 12.09524 1747.57143 1.02145
5.71476 71.78619 84.53952 0.87476 0.83191 0.27000 0.23095 77.44143 49.33619 1.02238 0.09238 0.34762 2.45714 23.19048 3003.71429 1.01964
5.95048 72.17381 84.44762 0.83286 0.79190 0.24571 0.21667 77.24429 53.11667 0.98762 0.09714 0.33809 2.54762 15.23809 3241.57143 1.01890
5.57048 79.29524 84.26476 1.00000 0.85714 0.25524 0.22857 77.23714 47.18095 1.10952 0.09619 0.31905 2.70000 17.71429 3095.57143 1.02816
5.64000 63.78524 84.46143 0.92619 0.82190 0.24524 0.22286 77.00000 50.05571 1.07286 0.09143 0.30476 2.45714 17.52381 3094.19048 1.01971
5.59571 83.13810 84.39000 0.96524 0.84143 0.25095 0.22476 77.24857 49.00905 1.05714 0.09619 0.35238 2.67619 15.04762 2585.28571 1.02476
5.88000 67.35714 84.55571 0.85571 0.83143 0.25714 0.22143 77.36429 48.25429 0.97286 0.08571 0.31429 2.58571 16.42857 2683.85714 1.01767
5.66143 64.33048 84.44809 0.91905 0.82190 0.24667 0.22238 77.04476 49.98524 1.06333 0.09143 0.31429 2.34762 18.52381 3161.19048 1.01974
5.93667 72.20571 84.47429 0.83524 0.79238 0.24524 0.21667 77.25190 53.09857 0.98667 0.09667 0.33809 2.56667 15.42857 3001.19048 1.01856
5.93286 71.95476 84.51714 0.83286 0.79333 0.24476 0.21571 77.27762 53.04381 0.97381 0.09571 0.33809 2.73809 16.14286 2804.47619 1.01822
5.57000 83.60857 84.36905 0.97571 0.84571 0.25286 0.22571 77.24381 48.54190 1.07095 0.09619 0.33333 2.68571 15.57143 2884.04762 1.02635
5.85000 66.26933 84.57733 0.85867 0.82000 0.25000 0.21933 77.44267 49.10333 0.97200 0.08800 0.36000 2.67333 16.80000 2655.26667 1.01670
5.93619 72.06571 84.53619 0.83095 0.79333 0.24524 0.21571 77.31333 53.03191 0.96857 0.09571 0.33809 2.74286 15.85714 2755.19048 1.01814
5.58952 78.86190 84.28286 0.99524 0.85905 0.25810 0.22857 77.12333 46.14429 1.09714 0.09905 0.30000 2.70000 18.14286 2965.57143 1.02911
5.66048 66.10191 84.53333 0.91333 0.82571 0.25381 0.22524 77.16667 49.69476 1.06381 0.09048 0.32857 2.39524 19.76190 3045.33333 1.01988
5.71952 75.50095 84.31809 0.92810 0.83095 0.25190 0.22095 77.01238 45.39905 1.01619 0.10238 0.29048 2.62381 19.47619 2384.14286 1.02906
5.65857 66.80905 84.53333 0.91143 0.82714 0.25571 0.22571 77.19048 49.71667 1.06381 0.09048 0.32381 2.39524 20.00000 2864.95238 1.01974
5.76684 72.74579 84.38842 0.88000 0.80053 0.24632 0.21474 77.05474 50.41000 0.95895 0.10421 0.35790 2.48421 19.36842 1142.63158 1.02713
5.61191 77.60143 84.27714 0.98571 0.85714 0.25762 0.22762 77.07571 45.67905 1.08476 0.10048 0.29524 2.73333 17.76190 2901.80952 1.02936
5.53571 82.23667 84.35571 0.99333 0.85191 0.25476 0.22714 77.23000 47.83095 1.09429 0.09571 0.32381 2.65714 15.90476 3124.76190 1.02714
5.88286 70.94048 84.46286 0.84143 0.79619 0.25048 0.22048 77.22048 51.82095 1.00333 0.09714 0.35238 2.41905 17.61905 3455.95238 1.01881
5.67000 71.65238 84.55905 0.88524 0.83429 0.26810 0.23095 77.44286 49.29190 1.03048 0.09095 0.33809 2.44762 23.47619 2911.80952 1.01940
5.65857 66.80905 84.53333 0.91143 0.82714 0.25571 0.22571 77.19048 49.71667 1.06381 0.09048 0.32381 2.39524 20.00000 2864.95238 1.01974
5.68905 75.97191 84.28048 0.94286 0.83905 0.25429 0.22286 77.07000 44.88191 1.03333 0.10238 0.30000 2.69048 19.90476 2514.09524 1.02954
5.68619 61.39476 84.30857 0.94714 0.83191 0.24286 0.22333 76.99191 50.17476 1.09524 0.09191 0.32381 2.52857 13.71429 2700.95238 1.02066
5.90667 69.17476 84.54476 0.84381 0.80571 0.24476 0.21714 77.37857 51.73286 0.96667 0.09333 0.34762 2.76667 15.47619 2794.66667 1.01747
5.67762 61.09905 84.32619 0.94714 0.83095 0.24286 0.22333 76.97476 50.17762 1.09952 0.09143 0.31905 2.51429 14.00000 2804.33333 1.02070
5.88476 67.58905 84.54429 0.85048 0.81381 0.24762 0.21810 77.41048 50.33952 0.96619 0.09095 0.35714 2.74286 16.28571 2631.04762 1.01717
5.76095 74.91143 84.32143 0.90809 0.82095 0.24952 0.21857 76.96191 46.67000 0.99143 0.10381 0.30952 2.57619 19.38095 1919.42857 1.02872
5.71238 72.07333 84.31000 0.93524 0.83286 0.24476 0.22286 77.09095 50.12143 1.04905 0.09524 0.35238 2.73809 12.28571 1689.76191 1.02138
5.67809 79.20857 84.31667 0.94952 0.83714 0.24667 0.22238 77.19524 50.00476 1.05000 0.09476 0.36667 2.69048 13.76191 2120.57143 1.02282
5.85529 65.76765 84.54765 0.85941 0.81824 0.24941 0.21941 77.41235 49.08059 0.97235 0.08882 0.36471 2.76471 17.00000 2492.64706 1.01692
5.86200 68.29600 84.54200 0.85600 0.83200 0.25800 0.22200 77.30200 48.10600 0.98000 0.08400 0.30000 2.44000 17.40000 3230.80000 1.01803
5.72714 70.44667 84.49762 0.87809 0.82762 0.26667 0.23095 77.40095 49.24286 1.04048 0.09333 0.35238 2.35238 22.09524 3211.23810 1.01958
5.74095 74.88667 84.40810 0.88667 0.80714 0.24810 0.21619 77.00905 49.41048 0.95952 0.10429 0.33333 2.54762 17.42857 1236.80952 1.02663
5.66429 61.18571 84.34810 0.94571 0.82857 0.24286 0.22333 76.94714 50.13524 1.10000 0.09143 0.31905 2.46667 14.23809 3024.71429 1.02046
5.81846 73.16154 84.36846 0.87846 0.80461 0.24615 0.21462 77.05692 53.03538 0.94846 0.10615 0.37692 2.40000 16.46154 882.46154 1.02641
5.67333 76.20429 84.26238 0.95191 0.84381 0.25524 0.22429 77.08381 44.95238 1.04333 0.10238 0.30476 2.71905 19.23810 2650.57143 1.02949
5.90667 69.17476 84.54476 0.84381 0.80571 0.24476 0.21714 77.37857 51.73286 0.96667 0.09333 0.34762 2.76667 15.47619 2794.66667 1.01747
5.74095 74.88667 84.40810 0.88667 0.80714 0.24810 0.21619 77.00905 49.41048 0.95952 0.10429 0.33333 2.54762 17.42857 1236.80952 1.02663
5.72714 70.44667 84.49762 0.87809 0.82762 0.26667 0.23095 77.40095 49.24286 1.04048 0.09333 0.35238 2.35238 22.09524 3211.23810 1.01958
5.70429 74.97095 84.32429 0.94095 0.83476 0.24381 0.22238 77.13762 50.06952 1.04905 0.09476 0.37619 2.81429 12.28571 1883.09524 1.02258
5.67095 70.71048 84.54905 0.89905 0.83333 0.26476 0.22952 77.39952 49.60476 1.05048 0.09000 0.33809 2.39048 23.09524 2879.42857 1.01938
5.93619 72.41333 84.46905 0.83429 0.79095 0.24619 0.21714 77.22905 53.17905 0.99381 0.09714 0.33809 2.49048 15.33333 3306.71429 1.01851
5.65619 67.70333 84.53905 0.90952 0.82857 0.25810 0.22667 77.23619 49.65381 1.06238 0.09000 0.32857 2.40000 20.47619 2833.00000 1.01961
5.70524 73.12286 84.32238 0.93762 0.83333 0.24429 0.22286 77.09286 50.11191 1.04905 0.09476 0.36190 2.87619 12.28571 1739.95238 1.02183
5.74333 75.06095 84.32048 0.91381 0.82286 0.25000 0.21952 76.94095 46.14333 1.00048 0.10333 0.30476 2.58095 19.42857 2093.80952 1.02875
5.64952 61.37143 84.36571 0.94429 0.82714 0.24286 0.22381 76.94095 50.14667 1.10095 0.09143 0.31905 2.45238 14.85714 3135.00000 1.02084
5.89000 68.31048 84.54143 0.84905 0.81048 0.24524 0.21762 77.39762 51.12143 0.96762 0.09191 0.34286 2.76667 15.76191 2613.80952 1.01758
5.91810 72.07095 84.47429 0.83667 0.78905 0.24619 0.21762 77.15429 53.15381 1.00286 0.09762 0.33809 2.43810 16.52381 3318.52381 1.01880
5.54286 81.55905 84.32381 0.99667 0.85333 0.25524 0.22762 77.22952 47.65762 1.10190 0.09619 0.32381 2.69524 16.57143 3089.85714 1.02741
5.76095 74.91143 84.32143 0.90809 0.82095 0.24952 0.21857 76.96191 46.67000 0.99143 0.10381 0.30952 2.57619 19.38095 1919.42857 1.02872
5.88000 70.14000 84.46000 0.86000 0.84000 0.27000 0.23000 77.09000 47.02000 0.99000 0.08000 0.20000 1.90000 21.00000 4243.00000 1.02135
5.64381 76.71571 84.27191 0.96571 0.84952 0.25619 0.22619 77.05762 44.94810 1.05762 0.10190 0.29524 2.80952 18.33333 2729.76190 1.02947
5.71048 75.69095 84.29000 0.93429 0.83476 0.25333 0.22190 77.03762 44.94143 1.02476 0.10238 0.28571 2.62381 19.85714 2357.80952 1.02969
5.80546 74.45818 84.35455 0.88000 0.80909 0.24818 0.21546 77.09364 53.58636 0.94273 0.10727 0.40000 2.46364 18.00000 573.45455 1.02628
5.75809 70.80333 84.49095 0.86857 0.81952 0.26429 0.22952 77.35238 49.85429 1.03476 0.09429 0.36667 2.36667 22.57143 3184.04762 1.01938
5.63333 77.06000 84.27619 0.97238 0.85238 0.25667 0.22667 77.07238 45.19952 1.06619 0.10143 0.29048 2.74286 17.95238 2822.04762 1.02991
5.62952 81.94571 84.40571 0.95667 0.83857 0.24905 0.22333 77.21000 49.49714 1.05048 0.09524 0.35238 2.70000 15.09524 2271.04762 1.02388
5.75190 73.46524 84.39143 0.88143 0.80286 0.24762 0.21524 77.05952 49.91095 0.95857 0.10429 0.34762 2.50000 19.00000 1195.66667 1.02695
5.70200 77.11200 84.60600 0.88000 0.81000 0.25200 0.21600 77.18800 52.95000 0.94000 0.10400 0.40000 2.38000 21.00000 1242.60000 1.02576
5.88000 69.10000 84.56000 0.85333 0.83667 0.26333 0.22333 77.22667 47.72333 0.97667 0.08333 0.30000 2.16667 18.33333 4065.66667 1.01837
5.58429 83.37190 84.38667 0.96905 0.84286 0.25190 0.22524 77.25190 48.75857 1.06333 0.09619 0.34762 2.70476 15.19048 2725.28571 1.02562
5.73667 75.20952 84.31429 0.92000 0.82667 0.25048 0.22000 76.96048 45.73905 1.00714 0.10286 0.30000 2.58571 19.47619 2225.52381 1.02861
5.70429 74.97095 84.32429 0.94095 0.83476 0.24381 0.22238 77.13762 50.06952 1.04905 0.09476 0.37619 2.81429 12.28571 1883.09524 1.02258
5.62333 77.40286 84.28571 0.97905 0.85524 0.25714 0.22714 77.06286 45.41429 1.07619 0.10095 0.30000 2.71905 18.09524 2928.00000 1.02968
5.87905 71.08381 84.46000 0.84286 0.79905 0.25333 0.22143 77.26762 51.48190 1.00571 0.09714 0.37143 2.37619 18.28571 3563.80952 1.01875
